0 18
0 37
1 27
2 15
3 6
4 25
5 28
6 3
6 7
7 6
7 13
8 278
9 11
10 83
11 9
11 42
12 26
13 7
13 45
14 16
15 2
15 47
16 14
16 75
17 236
18 0
18 24
19 26
20 55
21 22
22 21
22 29
23 44
24 18
24 144
25 4
25 38
26 12
26 19
26 33
26 41
26 180
27 1
27 30
27 31
28 5
28 142
29 22
29 49
30 27
30 50
31 27
31 193
32 63
33 26
33 34
34 33
34 46
35 282
36 76
37 0
37 58
38 25
38 56
39 102
39 1103
40 255
41 26
41 52
42 11
42 65
43 391
44 23
44 105
45 13
45 48
46 34
46 70
47 15
47 138
48 45
48 71
49 29
49 54
50 30
50 51
51 50
51 57
52 41
52 60
53 139
54 49
54 62
55 20
55 67
56 38
56 64
57 51
57 58
58 37
58 57
58 61
58 81
59 209
60 52
60 91
61 58
61 74
62 54
62 82
63 32
63 86
64 56
64 66
65 42
65 68
66 64
66 90
67 55
67 85
68 65
68 72
69 73
70 46
70 145
71 48
71 94
72 68
72 117
73 69
73 188
74 61
74 96
75 16
75 156
76 36
76 182
77 78
78 77
78 163
78 240
79 111
80 131
81 58
81 89
82 62
82 87
83 10
83 135
84 141
85 67
85 107
86 63
86 95
87 82
87 93
88 455
89 81
89 92
90 66
90 104
91 60
91 101
92 89
92 108
93 87
93 109
94 71
94 99
95 86
95 110
96 74
96 97
97 96
97 103
98 112
99 94
99 100
99 149
100 99
100 159
101 91
101 125
102 39
102 210
103 97
103 114
104 90
104 154
105 44
105 168
106 252
107 85
107 120
108 92
108 157
109 93
109 140
110 95
110 113
110 124
111 79
111 307
112 98
112 148
113 110
113 116
114 103
114 123
115 119
116 113
116 118
117 72
117 122
118 116
118 345
119 115
119 153
120 107
120 133
121 178
121 200
122 117
122 136
123 114
123 129
124 110
124 127
125 101
125 190
126 197
126 359
127 124
127 132
128 130
129 123
129 184
130 128
130 198
131 80
131 205
131 223
132 127
132 147
133 120
133 134
134 133
134 137
134 166
135 83
135 227
136 122
136 142
137 134
137 139
138 47
138 237
139 53
139 137
139 158
139 276
139 412
140 109
140 171
141 84
141 205
142 28
142 136
142 143
142 162
143 142
143 179
144 24
144 146
145 70
145 152
146 144
146 150
147 132
147 204
148 112
148 258
149 99
149 289
150 146
150 189
151 165
152 145
152 172
153 119
153 208
154 104
154 164
155 335
156 75
156 257
157 108
157 161
158 139
158 206
159 100
159 170
160 409
161 157
161 167
162 142
162 169
163 78
163 239
164 154
164 207
165 151
165 217
166 134
166 206
167 161
167 211
167 413
168 105
168 203
169 162
169 176
170 159
170 173
171 140
171 183
172 152
172 201
173 170
173 175
174 181
175 173
175 194
176 169
176 182
177 368
178 121
178 206
179 143
179 393
180 26
180 195
181 174
181 222
182 76
182 176
182 187
182 288
183 171
183 185
184 129
184 186
185 183
185 199
186 184
186 191
187 182
187 251
188 73
188 261
189 150
189 216
190 125
190 192
191 186
191 196
192 190
192 197
193 31
193 206
194 175
194 231
195 180
195 253
196 191
196 202
197 126
197 192
197 216
197 218
198 130
198 410
199 185
199 214
200 121
200 401
201 172
201 249
202 196
202 220
203 168
203 228
204 147
204 243
205 131
205 141
205 215
205 216
206 158
206 166
206 178
206 193
206 213
206 218
206 230
207 164
207 224
208 153
208 339
209 59
209 225
210 102
210 216
211 167
211 212
212 211
212 221
213 206
213 229
214 199
214 219
215 205
215 242
216 189
216 197
216 205
216 210
216 218
216 235
216 250
216 262
217 165
217 309
218 197
218 206
218 216
218 238
218 266
218 294
218 564
219 214
219 233
220 202
220 226
221 212
221 232
222 181
222 389
223 131
223 283
224 207
224 268
225 209
225 299
226 220
226 234
227 135
227 245
228 203
228 352
229 213
229 293
230 206
230 266
231 194
231 241
232 221
232 247
233 219
233 321
234 226
234 272
235 216
235 266
236 17
236 400
237 138
237 274
238 218
238 244
239 163
239 260
240 78
240 353
241 231
241 267
242 215
242 337
243 204
243 254
244 238
244 260
245 227
245 248
246 409
247 232
247 255
248 245
248 328
249 201
249 298
250 216
250 256
251 187
251 254
252 106
252 306
253 195
253 294
254 243
254 251
254 270
254 324
255 40
255 247
255 265
255 1023
256 250
256 259
257 156
257 334
258 148
258 275
259 256
259 305
260 239
260 244
260 286
260 299
261 188
261 263
262 216
262 338
263 261
263 299
264 692
265 255
265 297
266 218
266 230
266 235
266 273
266 311
266 330
267 241
267 281
268 224
268 269
269 268
269 285
270 254
270 271
271 270
271 302
272 234
272 277
273 266
273 320
274 237
274 419
275 258
275 284
276 139
276 290
277 272
277 287
278 8
278 279
279 278
279 375
280 394
281 267
281 300
282 35
282 296
283 223
283 316
284 275
284 304
285 269
285 299
286 260
286 295
287 277
287 291
288 182
288 319
289 149
289 361
290 276
290 909
291 287
291 292
292 291
292 314
293 229
293 310
294 218
294 253
294 308
294 423
294 621
295 286
295 317
296 282
296 692
297 265
297 313
298 249
298 371
299 225
299 260
299 263
299 285
299 301
299 303
299 329
299 583
299 778
300 281
300 315
301 299
301 322
302 271
302 340
303 299
303 312
304 284
304 331
305 259
305 366
306 252
306 350
307 111
307 347
308 294
308 579
309 217
309 372
310 293
310 341
311 266
311 330
312 303
312 414
313 297
313 332
314 292
314 318
315 300
315 351
316 283
316 381
317 295
317 463
318 314
318 323
319 288
319 417
320 273
320 330
321 233
321 326
322 301
322 327
323 318
323 342
324 254
324 383
325 402
326 321
326 362
327 322
327 405
328 248
328 333
329 299
329 370
330 266
330 311
330 320
330 346
330 449
330 490
330 536
331 304
331 349
332 313
332 336
333 328
333 357
334 257
334 343
335 155
335 372
336 332
336 348
337 242
337 346
338 262
338 431
339 208
339 344
340 302
340 365
341 310
341 392
341 588
342 323
342 355
343 334
343 363
344 339
344 354
345 118
345 429
346 330
346 337
346 379
346 411
347 307
347 495
348 336
348 356
349 331
349 372
350 306
350 543
351 315
351 358
352 228
352 480
353 240
353 388
354 344
354 415
355 342
355 360
356 348
356 369
357 333
357 378
358 351
358 432
359 126
359 660
360 355
360 373
361 289
361 520
362 326
362 376
363 343
363 367
364 555
365 340
365 372
366 305
366 385
366 390
367 363
367 508
368 177
368 398
369 356
369 382
370 329
370 406
371 298
371 430
372 309
372 335
372 349
372 365
372 377
372 392
372 558
372 630
373 360
373 374
374 373
374 380
375 279
375 395
376 362
376 398
377 372
377 547
378 357
378 430
379 346
379 403
380 374
380 386
381 316
381 533
382 369
382 397
383 324
383 387
384 469
385 366
385 515
386 380
386 402
387 383
387 470
388 353
388 399
389 222
389 509
390 366
390 392
391 43
391 474
392 341
392 372
392 390
392 396
392 402
392 422
393 179
393 501
394 280
394 402
395 375
395 514
396 392
396 443
397 382
397 446
398 368
398 376
398 448
398 551
399 388
399 557
400 236
400 402
401 200
401 449
402 325
402 386
402 392
402 394
402 400
402 403
402 404
402 407
402 453
402 1030
403 379
403 402
403 409
403 416
404 402
404 408
405 327
405 406
406 370
406 405
406 418
406 420
407 402
407 425
408 404
408 409
409 160
409 246
409 403
409 408
409 428
409 435
409 586
409 677
410 198
410 461
411 346
411 424
412 139
412 608
413 167
413 471
414 312
414 426
415 354
415 456
416 403
416 427
417 319
417 497
418 406
418 472
419 274
419 421
420 406
420 434
421 419
421 471
422 392
422 433
423 294
423 439
424 411
424 516
425 407
425 475
426 414
426 437
426 647
427 416
427 447
428 409
428 458
429 345
429 506
430 371
430 378
430 450
430 451
431 338
431 483
432 358
432 454
433 422
433 436
434 420
434 438
435 409
435 440
436 433
436 457
437 426
437 441
438 434
438 468
439 423
439 481
440 435
440 444
441 437
441 442
442 441
442 464
443 396
443 532
444 440
444 452
445 605
446 397
446 448
447 427
447 465
448 398
448 446
448 460
448 476
449 330
449 401
449 653
449 697
450 430
450 459
451 430
451 485
452 444
452 466
453 402
453 488
454 432
454 473
455 88
455 522
456 415
456 492
457 436
457 512
458 428
458 467
459 450
459 462
460 448
460 471
461 410
461 781
462 459
462 486
463 317
463 669
464 442
464 484
465 447
465 477
466 452
466 511
467 458
467 484
468 438
468 494
469 384
469 644
470 387
470 525
471 413
471 421
471 460
471 487
471 540
471 814
472 418
472 534
473 454
473 482
474 391
474 542
475 425
475 489
476 448
476 517
477 465
477 478
478 477
478 479
479 478
479 493
480 352
480 528
481 439
481 571
482 473
482 510
483 431
483 519
484 464
484 467
484 502
484 531
485 451
485 491
486 462
486 504
487 471
487 507
488 453
488 565
489 475
489 513
490 330
490 521
491 485
491 505
492 456
492 498
493 479
493 503
494 468
494 499
495 347
495 572
496 550
497 417
497 599
498 492
498 545
499 494
499 500
500 499
500 535
501 393
501 727
502 484
502 526
503 493
503 527
504 486
504 612
505 491
505 524
506 429
506 644
507 487
507 549
508 367
508 518
509 389
509 529
510 482
510 530
511 466
511 527
512 457
512 515
513 489
513 616
514 395
514 776
515 385
515 512
515 676
516 424
516 544
517 476
517 539
518 508
518 580
519 483
519 533
520 361
520 589
521 490
521 653
522 455
522 523
523 522
523 562
524 505
524 541
525 470
525 562
526 502
526 533
527 503
527 511
527 555
527 560
528 480
528 553
529 509
529 579
530 510
530 542
531 484
531 566
532 443
532 587
533 381
533 519
533 526
533 537
533 564
533 726
534 472
534 587
535 500
535 546
536 330
536 538
537 533
537 542
538 536
538 689
539 517
539 555
540 471
540 638
541 524
541 570
542 474
542 530
542 537
542 548
542 604
542 692
543 350
543 549
544 516
544 590
545 498
545 577
546 535
546 548
547 377
547 552
548 542
548 546
548 555
548 574
549 507
549 543
549 568
549 740
550 496
550 828
551 398
551 554
552 547
552 595
553 528
553 564
554 551
554 561
555 364
555 527
555 539
555 548
555 556
555 559
555 563
556 555
556 575
557 399
557 569
558 372
558 600
559 555
559 573
560 527
560 593
561 554
561 597
562 523
562 525
562 567
562 591
563 555
563 619
564 218
564 533
564 553
564 624
564 629
564 654
565 488
565 637
566 531
566 576
567 562
567 592
568 549
568 580
569 557
569 884
570 541
570 582
571 481
571 905
572 495
572 582
573 559
573 615
574 548
574 584
575 556
575 596
576 566
576 578
577 545
577 617
578 576
578 583
579 308
579 529
579 581
579 636
580 518
580 568
580 585
580 614
581 579
581 626
582 570
582 572
582 618
582 748
583 299
583 578
583 690
583 719
584 574
584 649
585 580
585 594
586 409
587 532
587 534
587 598
587 643
588 341
588 623
589 520
589 802
590 544
590 599
591 562
591 658
592 567
592 671
593 560
593 602
594 585
594 605
595 552
595 655
596 575
596 609
597 561
597 605
598 587
598 642
599 497
599 590
599 601
599 723
600 558
600 635
601 599
601 607
602 593
602 603
603 602
603 631
604 542
604 612
605 445
605 594
605 597
605 606
605 611
605 613
606 605
606 640
607 601
607 672
608 412
608 925
609 596
609 610
610 609
610 628
611 605
611 625
612 504
612 604
612 619
612 634
613 605
613 633
614 580
614 622
615 573
615 620
616 513
616 813
617 577
617 632
618 582
618 636
619 563
619 612
619 639
619 673
620 615
620 627
621 294
621 699
622 614
622 670
623 588
624 564
625 611
625 645
626 581
626 701
627 620
627 650
628 610
628 646
629 564
629 662
630 372
630 896
631 603
631 640
632 617
632 666
633 613
633 751
634 612
634 659
635 600
635 681
636 579
636 618
636 647
636 657
636 704
637 565
637 680
638 540
638 641
639 619
639 661
640 606
640 631
640 648
640 705
641 638
641 651
642 598
642 665
643 587
643 926
644 469
644 506
644 831
644 1122
645 625
645 652
646 628
646 663
647 426
647 636
647 721
648 640
648 718
649 584
649 667
650 627
650 678
651 641
651 688
652 645
652 691
653 449
653 521
653 693
653 756
654 564
654 662
655 595
655 656
656 655
656 687
657 636
657 898
658 591
658 769
659 634
659 702
660 359
661 639
661 698
662 629
662 654
662 693
662 697
663 646
663 664
664 663
664 695
665 642
665 696
666 632
666 709
667 649
667 668
668 667
668 670
669 463
669 683
670 622
670 668
670 686
670 714
671 592
671 685
672 607
672 712
673 619
673 674
674 673
674 675
675 674
675 682
676 515
676 733
677 409
678 650
678 679
679 678
679 700
680 637
680 732
681 635
681 684
682 675
682 692
683 669
683 757
684 681
684 743
685 671
685 693
686 670
686 692
687 656
687 780
688 651
688 706
689 538
689 697
690 583
690 759
691 652
691 692
692 264
692 296
692 542
692 682
692 686
692 691
692 703
692 707
692 708
692 765
692 786
692 797
693 653
693 662
693 685
693 694
693 717
693 742
694 693
694 713
695 664
695 716
696 665
696 777
697 449
697 662
697 689
697 728
697 733
697 762
698 661
698 720
699 621
699 832
700 679
700 729
701 626
701 766
702 659
702 724
703 692
703 803
704 636
704 734
705 640
705 711
706 688
706 735
707 692
707 710
708 692
708 728
709 666
709 753
710 707
710 746
711 705
711 755
712 672
712 770
713 694
713 782
714 670
714 715
715 714
715 730
716 695
716 722
717 693
717 745
718 648
718 762
719 583
719 768
720 698
720 740
721 647
721 725
722 716
722 734
723 599
723 776
724 702
724 764
725 721
725 757
726 533
726 1058
727 501
727 752
728 697
728 708
728 731
728 996
729 700
729 737
730 715
730 741
731 728
731 761
732 680
732 736
733 676
733 697
733 875
733 979
734 704
734 722
734 750
734 885
735 706
735 760
736 732
736 795
737 729
737 738
738 737
738 739
739 738
739 747
740 549
740 720
740 749
740 913
741 730
741 744
742 693
742 847
743 684
743 811
744 741
744 754
745 717
745 806
746 710
746 757
747 739
747 757
748 582
748 750
749 740
749 775
750 734
750 748
750 776
750 815
751 633
751 1108
752 727
752 945
753 709
753 781
754 744
754 758
755 711
755 924
756 653
756 850
757 683
757 725
757 746
757 747
757 762
757 800
757 821
757 897
758 754
758 789
759 690
759 774
760 735
760 799
761 731
761 771
762 697
762 718
762 757
762 763
762 772
763 762
763 767
764 724
764 783
765 692
765 919
766 701
766 812
767 763
767 773
768 719
768 773
769 658
769 823
770 712
770 794
771 761
771 804
772 762
772 784
773 767
773 768
773 779
773 829
774 759
774 810
775 749
775 785
776 514
776 723
776 750
776 781
776 844
776 1114
777 696
777 956
778 299
779 773
779 796
780 687
780 838
781 461
781 753
781 776
781 791
781 792
781 878
782 713
782 787
783 764
783 820
784 772
784 801
785 775
785 788
786 692
787 782
787 847
788 785
788 833
789 758
789 790
790 789
790 835
791 781
791 793
792 781
792 929
793 791
793 827
794 770
794 868
795 736
795 830
796 779
796 798
797 692
798 796
798 822
799 760
799 809
800 757
800 805
801 784
801 826
802 589
802 807
803 703
803 920
804 771
804 808
805 800
805 819
806 745
806 816
807 802
807 931
808 804
808 857
809 799
809 825
810 774
810 843
811 743
811 828
812 766
812 817
813 616
813 914
814 471
814 818
815 750
815 862
816 806
816 874
817 812
817 1069
818 814
818 859
819 805
819 899
820 783
820 893
821 757
821 885
822 798
822 824
823 769
823 1037
824 822
824 842
825 809
825 853
826 801
826 850
827 793
827 836
828 550
828 811
828 841
828 903
829 773
830 795
830 834
831 644
831 896
832 699
832 846
833 788
833 849
834 830
834 863
835 790
835 840
836 827
836 837
837 836
837 845
838 780
838 839
839 838
839 900
840 835
840 870
841 828
841 849
842 824
842 848
843 810
843 867
844 776
844 910
845 837
845 864
846 832
846 877
847 742
847 787
847 861
847 921
848 842
848 851
849 833
849 841
849 852
849 946
850 756
850 826
850 858
850 964
851 848
851 853
852 849
852 860
853 825
853 851
853 854
853 886
854 853
854 855
855 854
855 856
856 855
856 866
857 808
857 887
858 850
858 872
859 818
859 993
860 852
860 888
861 847
861 976
862 815
862 1014
863 834
863 949
864 845
864 865
865 864
865 869
866 856
866 935
867 843
867 880
868 794
868 873
869 865
869 881
870 840
870 871
871 870
871 892
872 858
872 1015
873 868
873 883
874 816
874 876
875 733
875 980
876 874
876 922
877 846
877 879
878 781
878 882
879 877
879 982
880 867
880 958
881 869
881 901
882 878
882 907
883 873
883 918
884 569
884 916
885 734
885 821
885 891
886 853
886 890
887 857
887 889
888 860
888 908
889 887
889 902
890 886
890 894
891 885
891 901
892 871
892 928
893 820
893 895
894 890
894 930
895 893
895 971
896 630
896 831
896 1084
897 757
898 657
899 819
899 927
900 839
900 933
901 881
901 891
901 902
901 906
901 934
901 1004
902 889
902 901
902 904
902 1055
903 828
903 981
904 902
904 942
905 571
905 940
906 901
906 915
907 882
907 939
908 888
908 931
909 290
909 911
910 844
910 912
911 909
911 1082
912 910
912 1042
913 740
913 1132
914 813
914 917
915 906
915 953
916 884
916 923
917 914
917 1022
918 883
918 1032
919 765
919 970
920 803
920 960
921 847
921 943
922 876
922 938
923 916
923 936
924 755
924 1077
925 608
925 1051
926 643
926 989
927 899
927 932
928 892
928 947
929 792
929 1000
930 894
930 948
931 807
931 908
931 937
931 1074
932 927
932 1026
933 900
933 951
934 901
934 941
935 866
935 944
936 923
936 955
937 931
937 967
938 922
938 998
939 907
940 905
940 961
941 934
941 952
942 904
942 954
943 921
944 935
944 950
945 752
945 995
946 849
946 1047
947 928
947 955
948 930
948 963
949 863
949 1002
950 944
950 962
951 933
951 984
952 941
952 957
953 915
953 956
954 942
954 1001
955 936
955 947
955 959
955 985
956 777
956 953
956 965
956 968
957 952
957 973
958 880
958 1010
959 955
959 978
960 920
960 972
961 940
961 994
962 950
962 969
963 948
963 966
964 850
964 983
965 956
965 975
966 963
966 974
967 937
967 986
968 956
968 1116
969 962
969 1012
970 919
970 987
971 895
971 1001
972 960
972 1140
973 957
973 991
974 966
974 977
975 965
975 988
976 861
976 1021
977 974
977 992
978 959
978 1008
979 733
979 1101
980 875
980 1033
981 903
982 879
982 1029
983 964
983 1134
984 951
984 1013
985 955
985 1020
986 967
986 1035
987 970
987 990
988 975
988 999
989 926
989 1066
990 987
990 1075
991 973
991 1004
992 977
992 997
993 859
993 1025
994 961
994 1063
995 945
995 1041
996 728
996 1059
997 992
997 1011
998 938
998 1006
999 988
999 1019
1000 929
1001 954
1001 971
1001 1003
1001 1005
1002 949
1002 1007
1003 1001
1003 1009
1004 901
1004 991
1004 1062
1005 1001
1005 1024
1006 998
1006 1021
1007 1002
1007 1135
1008 978
1008 1018
1009 1003
1009 1031
1010 958
1010 1067
1011 997
1011 1046
1012 969
1012 1017
1013 984
1013 1016
1014 862
1014 1110
1015 872
1015 1048
1016 1013
1017 1012
1017 1091
1018 1008
1018 1034
1019 999
1019 1038
1020 985
1020 1052
1021 976
1021 1006
1021 1027
1021 1045
1022 917
1023 255
1024 1005
1024 1036
1025 993
1025 1165
1026 932
1026 1028
1027 1021
1027 1053
1028 1026
1028 1056
1029 982
1029 1061
1030 402
1031 1009
1031 1054
1032 918
1032 1044
1033 980
1033 1147
1034 1018
1034 1050
1035 986
1035 1039
1036 1024
1036 1070
1037 823
1038 1019
1038 1040
1039 1035
1039 1072
1040 1038
1040 1043
1041 995
1041 1049
1042 912
1042 1079
1043 1040
1043 1057
1044 1032
1044 1085
1045 1021
1045 1078
1046 1011
1046 1090
1047 946
1048 1015
1048 1142
1049 1041
1049 1071
1050 1034
1050 1080
1051 925
1051 1113
1052 1020
1052 1106
1053 1027
1053 1064
1054 1031
1054 1096
1055 902
1055 1060
1056 1028
1056 1088
1057 1043
1057 1104
1058 726
1059 996
1059 1076
1060 1055
1060 1068
1061 1029
1062 1004
1062 1065
1063 994
1064 1053
1064 1086
1065 1062
1065 1083
1066 989
1066 1122
1067 1010
1067 1093
1068 1060
1069 817
1069 1150
1070 1036
1070 1100
1071 1049
1072 1039
1072 1073
1073 1072
1073 1087
1074 931
1074 1081
1075 990
1075 1089
1076 1059
1077 924
1078 1045
1078 1134
1079 1042
1079 1127
1080 1050
1080 1111
1081 1074
1081 1102
1082 911
1082 1112
1083 1065
1083 1124
1084 896
1084 1133
1085 1044
1085 1115
1086 1064
1086 1094
1087 1073
1087 1095
1088 1056
1088 1092
1089 1075
1089 1130
1090 1046
1090 1107
1091 1017
1091 1105
1092 1088
1092 1120
1093 1067
1093 1098
1094 1086
1094 1146
1095 1087
1095 1097
1096 1054
1097 1095
1097 1099
1098 1093
1098 1158
1099 1097
1099 1125
1100 1070
1100 1117
1101 979
1101 1156
1102 1081
1103 39
1103 1119
1104 1057
1104 1118
1105 1091
1105 1121
1106 1052
1107 1090
1107 1109
1108 751
1109 1107
1109 1122
1110 1014
1111 1080
1111 1145
1112 1082
1112 1141
1113 1051
1113 1139
1114 776
1114 1167
1115 1085
1116 968
1116 1128
1117 1100
1117 1163
1118 1104
1118 1126
1119 1103
1120 1092
1120 1162
1121 1105
1121 1131
1122 644
1122 1066
1122 1109
1122 1123
1123 1122
1123 1150
1124 1083
1125 1099
1125 1129
1126 1118
1126 1136
1127 1079
1127 1159
1128 1116
1128 1138
1129 1125
1129 1144
1130 1089
1130 1151
1131 1121
1131 1143
1132 913
1132 1149
1133 1084
1134 983
1134 1078
1134 1160
1135 1007
1135 1137
1136 1126
1136 1156
1137 1135
1137 1157
1138 1128
1139 1113
1140 972
1141 1112
1142 1048
1142 1155
1143 1131
1143 1154
1144 1129
1144 1153
1145 1111
1145 1148
1146 1094
1147 1033
1148 1145
1148 1152
1149 1132
1150 1069
1150 1123
1150 1152
1151 1130
1152 1148
1152 1150
1153 1144
1154 1143
1155 1142
1155 1161
1156 1101
1156 1136
1157 1137
1158 1098
1158 1166
1159 1127
1160 1134
1161 1155
1162 1120
1163 1117
1163 1164
1164 1163
1165 1025
1166 1158
1167 1114
